,date,nsa,sa
0,2020-08-31,178.417942,174.179084
1,2020-07-31,177.81714765,173.18785371
2,2020-06-30,176.18727195,171.53097339
3,2020-05-31,174.69003739,171.22228405
4,2020-04-30,173.18944951,170.83220437
5,2020-03-31,170.47152929,170.58321708
6,2020-02-29,167.16991432,169.22400708
7,2020-01-31,164.82463208,167.30858378
8,2019-12-31,164.21628906,166.2705119
9,2019-11-30,165.06467525,165.75602895
10,2019-10-31,166.48811927,165.56043018
11,2019-09-30,167.40363962,165.00508039
12,2019-08-31,167.76758274,163.85712866
13,2019-07-31,167.85788812,163.4134669
14,2019-06-30,167.0982253,162.64325951
15,2019-05-31,165.5383253,162.15516199
16,2019-04-30,163.49618775,161.34268424
17,2019-03-31,161.31940178,161.49591061
18,2019-02-28,159.27458757,161.29450924
19,2019-01-31,158.00405229,160.419387
20,2018-12-31,158.00104814,159.95419728
21,2018-11-30,158.53635579,159.17735817
22,2018-10-31,159.07978212,158.20219382
23,2018-09-30,159.75795701,157.46002856
24,2018-08-31,160.59923378,156.90760209
25,2018-07-31,160.82134922,156.41546739
26,2018-06-30,159.95409528,155.56602314
27,2018-05-31,158.42422076,155.04013583
28,2018-04-30,156.64957962,154.69790834
29,2018-03-31,154.45897212,154.82552903
30,2018-02-28,151.93771963,154.02992846
31,2018-01-31,150.14831083,152.56161968
32,2017-12-31,149.73402015,151.58422184
33,2017-11-30,150.16770421,150.72230962
34,2017-10-31,150.74954277,149.84787281
35,2017-09-30,151.27025067,148.98922791
36,2017-08-31,151.55564893,148.04444566
37,2017-07-31,151.6425078,147.31937381
38,2017-06-30,151.2644128,146.91957469
39,2017-05-31,149.87526869,146.51759871
40,2017-04-30,147.63475749,146.00871453
41,2017-03-31,144.98411385,145.64450688
42,2017-02-28,142.54478614,144.76711061
43,2017-01-31,141.18021581,143.68437802
44,2016-12-31,140.98238468,142.72019602
45,2016-11-30,141.33008208,141.71211328
46,2016-10-31,141.86768392,140.8548254
47,2016-09-30,142.36606171,140.04995029
48,2016-08-31,142.86373214,139.40086764
49,2016-07-31,143.16416219,138.90094547
50,2016-06-30,142.49139324,138.22602494
51,2016-05-31,140.64444244,137.43154819
52,2016-04-30,137.83189261,136.52721214
53,2016-03-31,134.82807416,135.84090823
54,2016-02-29,132.88707083,135.27362197
55,2016-01-31,132.33871161,134.96780217
56,2015-12-31,132.84982795,134.50014405
57,2015-11-30,133.84100131,134.01057063
58,2015-10-31,134.79740171,133.57022017
59,2015-09-30,135.55774133,133.06861875
60,2015-08-31,135.90103536,132.40991238
61,2015-07-31,135.82779286,131.6205305
62,2015-06-30,135.02400953,130.88032154
63,2015-05-31,133.14016072,130.14736566
64,2015-04-30,130.35647925,129.39821424
65,2015-03-31,127.31636611,128.65240945
66,2015-02-28,125.35622777,127.90236861
67,2015-01-31,125.09499199,127.81468619
68,2014-12-31,126.07980896,127.60606913
69,2014-11-30,127.45487369,127.36279705
70,2014-10-31,128.35397196,126.9067693
71,2014-09-30,128.98338256,126.38097335
72,2014-08-31,129.58297912,126.08753715
73,2014-07-31,129.90597632,125.74510412
74,2014-06-30,129.72288467,125.70905698
75,2014-05-31,128.70163447,125.92548106
76,2014-04-30,126.7302701,126.06591342
77,2014-03-31,124.23177061,125.8580958
78,2014-02-28,122.28016582,124.9982276
79,2014-01-31,121.771672,124.56800945
80,2013-12-31,122.5241146,123.93321053
81,2013-11-30,123.50759696,123.17764843
82,2013-10-31,124.08908678,122.41533229
83,2013-09-30,124.50083657,121.78714379
84,2013-08-31,124.72492984,121.26422286
85,2013-07-31,124.1085556,120.03902357
86,2013-06-30,122.37438483,118.60020679
87,2013-05-31,119.70721433,117.32703652
88,2013-04-30,116.49263846,116.14704549
89,2013-03-31,113.46655813,115.18386597
90,2013-02-28,111.52051665,114.12568663
91,2013-01-31,110.84624711,113.36579464
92,2012-12-31,111.2296179,112.35009822
93,2012-11-30,111.95132309,111.42192278
94,2012-10-31,112.19657142,110.48374252
95,2012-09-30,112.07173141,109.58239821
96,2012-08-31,112.02462822,108.92919809
97,2012-07-31,111.84929502,108.21729197
98,2012-06-30,110.87603543,107.52595116
99,2012-05-31,108.80001064,106.80040337
100,2012-04-30,105.85879852,105.69513543
101,2012-03-31,102.91853794,104.56469936
102,2012-02-29,101.16922856,103.53973593
103,2012-01-31,101.2449924,103.44800708
104,2011-12-31,102.61217186,103.47941716
105,2011-11-30,104.28772573,103.62495973
106,2011-10-31,105.60625892,103.87580572
107,2011-09-30,106.25973796,103.90757472
108,2011-08-31,106.8022479,103.90259433
109,2011-07-31,107.38626631,103.99204999
110,2011-06-30,107.01313852,103.93426809
111,2011-05-31,105.64886019,103.91869136
112,2011-04-30,104.31400386,104.22960866
113,2011-03-31,103.5916845,105.19661954
114,2011-02-28,103.92043943,106.25186893
115,2011-01-31,105.35550494,107.43253096
116,2010-12-31,107.43932058,108.19263972
117,2010-11-30,109.50318674,108.71400511
118,2010-10-31,110.95014097,109.0959991
119,2010-09-30,112.13026462,109.70991728
120,2010-08-31,113.53719704,110.53497802
121,2010-07-31,115.15221673,111.6970743
122,2010-06-30,116.45227277,113.35714844
123,2010-05-31,116.49281112,114.73909485
124,2010-04-30,115.38789509,115.26463216
125,2010-03-31,114.10663039,115.63360408
126,2010-02-28,113.3352036,115.6346343
127,2010-01-31,113.6262521,115.67441684
128,2009-12-31,114.88678791,115.65546442
129,2009-11-30,116.21877963,115.42837123
130,2009-10-31,116.92796915,115.00865719
131,2009-09-30,117.38012538,114.86524768
132,2009-08-31,118.12119381,115.03851961
133,2009-07-31,118.47589947,115.08931465
134,2009-06-30,117.64628052,114.83093117
135,2009-05-31,116.30695437,114.72275981
136,2009-04-30,115.20733805,115.00573285
137,2009-03-31,114.51892079,115.75294022
138,2009-02-28,114.67268005,116.6367503
139,2009-01-31,115.98388886,117.83535172
140,2008-12-31,118.3506662,119.16778061
141,2008-11-30,121.47000251,120.79452563
142,2008-10-31,124.66287603,122.71218923
143,2008-09-30,127.61117472,124.92291628
144,2008-08-31,129.60614206,126.3326359
145,2008-07-31,130.09640005,126.64011941
146,2008-06-30,130.05332233,127.24561437
147,2008-05-31,130.12150631,128.41307405
148,2008-04-30,129.9523506,129.55901014
149,2008-03-31,129.85590559,130.91259456
150,2008-02-29,130.28259462,132.04210165
151,2008-01-31,131.33587,133.16363711
152,2007-12-31,133.38749687,134.30396849
153,2007-11-30,136.12525053,135.53821295
154,2007-10-31,139.04147217,137.05683465
155,2007-09-30,141.53942344,138.68417234
156,2007-08-31,143.21937231,139.77577033
157,2007-07-31,144.27964049,140.79031683
158,2007-06-30,144.8156123,141.92724689
159,2007-05-31,144.89152176,143.02052161
160,2007-04-30,144.58753786,143.9626521
161,2007-03-31,143.94072426,144.82802862
162,2007-02-28,143.16645286,144.65283635
163,2007-01-31,142.69541031,144.33322473
164,2006-12-31,143.14964676,143.99233981
165,2006-11-30,144.58110658,144.0288292
166,2006-10-31,145.92606364,144.04998165
167,2006-09-30,146.94642595,144.23049323
168,2006-08-31,147.86197015,144.56051157
169,2006-07-31,148.38393666,145.1151733
170,2006-06-30,148.55665,145.72763451
171,2006-05-31,148.1515383,146.24696148
172,2006-04-30,147.33863527,146.61916466
173,2006-03-31,146.49814287,147.19517975
174,2006-02-28,145.73304654,146.96547892
175,2006-01-31,145.47222347,146.81307042
176,2005-12-31,145.86795196,146.46700396
177,2005-11-30,146.63737239,146.01765844
178,2005-10-31,147.30839353,145.57122703
179,2005-09-30,147.45214027,144.95938336
180,2005-08-31,147.04402214,143.96039731
181,2005-07-31,146.686741,143.68053543
182,2005-06-30,146.04008662,143.37133651
183,2005-05-31,144.71863832,142.93201217
184,2005-04-30,142.95682415,142.29713836
185,2005-03-31,140.97352324,141.54012277
186,2005-02-28,139.57700561,140.62442206
187,2005-01-31,139.10663723,140.12986772
188,2004-12-31,139.30729278,139.61984406
189,2004-11-30,139.70294061,138.98252749
190,2004-10-31,139.89657398,138.29540074
191,2004-09-30,139.93880285,137.7209856
192,2004-08-31,139.97239589,137.19706822
193,2004-07-31,139.52646493,136.76631305
194,2004-06-30,138.33503499,135.93178714
195,2004-05-31,136.48542832,134.9131176
196,2004-04-30,134.42895729,133.89784638
197,2004-03-31,132.82811562,133.29739025
198,2004-02-29,131.67085146,132.55736612
199,2004-01-31,131.02230632,131.80025928
200,2003-12-31,130.95621164,131.08121014
201,2003-11-30,131.0117589,130.24539894
202,2003-10-31,130.73950788,129.23807684
203,2003-09-30,130.40642403,128.38803908
204,2003-08-31,129.99369354,127.53349049
205,2003-07-31,129.15768053,126.70667194
206,2003-06-30,127.97960996,125.88654992
207,2003-05-31,126.51113361,125.11660623
208,2003-04-30,124.82828444,124.34688824
209,2003-03-31,123.414388,123.79704609
210,2003-02-28,122.51528302,123.2405722
211,2003-01-31,121.96909973,122.56062767
212,2002-12-31,121.73841957,121.78502433
213,2002-11-30,121.65892373,120.92788598
214,2002-10-31,121.36128226,119.96298085
215,2002-09-30,120.81956536,118.98480846
216,2002-08-31,120.25044408,118.08832959
217,2002-07-31,119.28258925,117.09390649
218,2002-06-30,117.98851635,116.14971215
219,2002-05-31,116.55315385,115.28131645
220,2002-04-30,114.85257448,114.3587262
221,2002-03-31,113.12590648,113.40123137
222,2002-02-28,111.76223662,112.34186709
223,2002-01-31,110.80668889,111.25922018
224,2001-12-31,110.20985713,110.24744085
225,2001-11-30,110.00809748,109.3774542
226,2001-10-31,109.93011366,108.68774656
227,2001-09-30,109.54740534,107.89111783
228,2001-08-31,108.91853665,107.04114426
229,2001-07-31,108.16606594,106.23222707
230,2001-06-30,107.08558986,105.46955976
231,2001-05-31,105.81529795,104.66701736
232,2001-04-30,104.23214497,103.73710571
233,2001-03-31,102.56365179,102.75875796
234,2001-02-28,101.38627585,101.86553694
235,2001-01-31,100.6087849,100.94917763
236,2000-12-31,100.0,100.0
237,2000-11-30,99.606742551,99.041092046
238,2000-10-31,99.244897374,98.172790058
239,2000-09-30,98.663857418,97.195377424
240,2000-08-31,97.967697566,96.333519659
241,2000-07-31,97.286093987,95.566814956
242,2000-06-30,96.423681573,95.018889209
243,2000-05-31,95.190432198,94.19315709
244,2000-04-30,93.720867902,93.253866929
245,2000-03-31,92.231080053,92.355682895
246,2000-02-29,90.966404178,91.359851279
247,2000-01-31,90.189397848,90.433654655
248,1999-12-31,89.553285022,89.499086987
249,1999-11-30,89.011993689,88.490979842
250,1999-10-31,88.785542979,87.871033138
251,1999-09-30,88.556654272,87.252148594
252,1999-08-31,88.068142013,86.630861045
253,1999-07-31,87.156268312,85.645870372
254,1999-06-30,85.931048241,84.731272417
255,1999-05-31,84.616528239,83.785211608
256,1999-04-30,83.309545496,82.914888471
257,1999-03-31,82.085026604,82.170512721
258,1999-02-28,81.203539173,81.495283208
259,1999-01-31,80.728592229,80.870369961
260,1998-12-31,80.417030167,80.282969225
261,1998-11-30,80.077995125,79.57829659
262,1998-10-31,79.620975331,78.82487879
263,1998-09-30,79.271677618,78.155998021
264,1998-08-31,78.982142442,77.729204282
265,1998-07-31,78.315798321,77.019900857
266,1998-06-30,77.477792664,76.453509769
267,1998-05-31,76.765573923,76.046470846
268,1998-04-30,76.016452822,75.658320986
269,1998-03-31,75.132072607,75.164868931
270,1998-02-28,74.477303721,74.673580996
271,1998-01-31,74.176436656,74.246828293
272,1997-12-31,74.010940554,73.841886638
273,1997-11-30,73.95553626,73.482927016
274,1997-10-31,73.996399093,73.255877236
275,1997-09-30,73.979822158,72.976372114
276,1997-08-31,73.830820925,72.699046386
277,1997-07-31,73.594554254,72.445113034
278,1997-06-30,73.169009012,72.240446669
279,1997-05-31,72.603764406,71.952740392
280,1997-04-30,72.010528075,71.684877875
281,1997-03-31,71.513780909,71.501187393
282,1997-02-28,71.280390074,71.386330693
283,1997-01-31,71.168409127,71.173758332
284,1996-12-31,71.082213042,70.888607243
285,1996-11-30,70.990878856,70.531254423
286,1996-10-31,70.854930232,70.151318212
287,1996-09-30,70.761641974,69.859988985
288,1996-08-31,70.725002547,69.674633511
289,1996-07-31,70.514722626,69.469035771
290,1996-06-30,70.156952531,69.286180995
291,1996-05-31,69.716247263,69.108609353
292,1996-04-30,69.1228419,68.808578064
293,1996-03-31,68.525077555,68.457810893
294,1996-02-29,68.002384281,68.036688835
295,1996-01-31,67.703164154,67.671185124
296,1995-12-31,67.651794374,67.469824168
297,1995-11-30,67.767739404,67.338897818
298,1995-10-31,67.873523211,67.20730828
299,1995-09-30,67.760239359,66.924873495
300,1995-08-31,67.494557248,66.517600213
301,1995-07-31,67.153714239,66.186618
302,1995-06-30,66.664803179,65.837123618
303,1995-05-31,66.176664639,65.630561958
304,1995-04-30,65.777544709,65.497139364
305,1995-03-31,65.438710492,65.333164922
306,1995-02-28,65.219529671,65.189111639
307,1995-01-31,65.145342883,65.070912388
308,1994-12-31,65.117880965,64.92837287
309,1994-11-30,64.952736564,64.543134975
310,1994-10-31,64.778622404,64.167681282
311,1994-09-30,64.828022883,64.079137157
312,1994-08-31,65.018485768,64.111953236
313,1994-07-31,65.034378257,64.119190021
314,1994-06-30,64.699628528,63.889964191
315,1994-05-31,64.136783935,63.627047308
316,1994-04-30,63.650794088,63.379132742
317,1994-03-31,63.327157805,63.171981845
318,1994-02-28,63.066019414,62.976548604
319,1994-01-31,62.813891151,62.718687563
320,1993-12-31,62.647170978,62.456968364
321,1993-11-30,62.589933549,62.196597036
322,1993-10-31,62.574672415,62.003137622
323,1993-09-30,62.588060904,61.899618959
324,1993-08-31,62.46057752,61.647700137
325,1993-07-31,62.243672345,61.395421065
326,1993-06-30,61.870076072,61.109388651
327,1993-05-31,61.227364831,60.754134454
328,1993-04-30,60.672888526,60.395558313
329,1993-03-31,60.348614105,60.140740708
330,1993-02-28,60.068447038,59.922366859
331,1993-01-31,59.877535838,59.754125267
332,1992-12-31,59.873914525,59.674806022
333,1992-11-30,59.935826002,59.559966954
334,1992-10-31,59.878823959,59.350255285
335,1992-09-30,59.737275299,59.135836998
336,1992-08-31,59.646882438,58.937801306
337,1992-07-31,59.583681524,58.805584505
338,1992-06-30,59.345183769,58.651032756
339,1992-05-31,58.977403461,58.515873887
340,1992-04-30,58.740928427,58.423353557
341,1992-03-31,58.532637755,58.266836183
342,1992-02-29,58.237762937,58.044266887
343,1992-01-31,57.932955076,57.783015719
344,1991-12-31,57.759139667,57.565539222
345,1991-11-30,57.772689414,57.425872676
346,1991-10-31,57.779991346,57.282136068
347,1991-09-30,57.705426719,57.16011919
348,1991-08-31,57.678117112,57.042498758
349,1991-07-31,57.711275916,56.98599662
350,1991-06-30,57.623328409,56.987721993
351,1991-05-31,57.438834694,56.979071943
352,1991-04-30,57.343522668,56.991770709
353,1991-03-31,57.298906915,56.997932432
354,1991-02-28,57.223354077,57.001025824
355,1991-01-31,57.100645045,56.919009262
356,1990-12-31,57.018057951,56.826371469
357,1990-11-30,56.999067721,56.674075854
358,1990-10-31,57.017861887,56.535998254
359,1990-09-30,57.112230085,56.600235704
360,1990-08-31,57.178038702,56.572071514
361,1990-07-31,57.140310336,56.43659183
362,1990-06-30,57.071709386,56.463788595
363,1990-05-31,56.975606122,56.509079131
364,1990-04-30,56.869007316,56.495667478
365,1990-03-31,56.769947821,56.455046533
366,1990-02-28,56.672074187,56.438955615
367,1990-01-31,56.638005586,56.44006333
368,1989-12-31,56.636417682,56.45534443
369,1989-11-30,56.578045321,56.232167045
370,1989-10-31,56.493134992,55.990798276
371,1989-09-30,56.480682043,55.90416821
372,1989-08-31,56.478557294,55.795541714
373,1989-07-31,56.320135271,55.580727877
374,1989-06-30,56.047681854,55.39540467
375,1989-05-31,55.80855402,55.365491022
376,1989-04-30,55.550433432,55.251058492
377,1989-03-31,55.23916248,55.004517165
378,1989-02-28,55.037589238,54.87055768
379,1989-01-31,54.974122748,54.832927319
380,1988-12-31,54.933310494,54.757682306
381,1988-11-30,54.824833175,54.489672797
382,1988-10-31,54.622080917,54.136381644
383,1988-09-30,54.420987098,53.865497226
384,1988-08-31,54.396591999,53.738754351
385,1988-07-31,54.534340317,53.818377913
386,1988-06-30,54.584246013,53.949000074
387,1988-05-31,54.442285748,54.010069691
388,1988-04-30,54.192177952,53.900122999
389,1988-03-31,53.898952195,53.6699998
390,1988-02-29,53.586818709,53.424190064
391,1988-01-31,53.256398431,53.119614922
392,1987-12-31,53.044742386,52.875152057
393,1987-11-30,53.036878475,52.712648369
394,1987-10-31,53.093990687,52.621879286
395,1987-09-30,53.109461956,52.567359043
396,1987-08-31,53.064181475,52.422457258
397,1987-07-31,52.989492287,52.293811754
398,1987-06-30,52.838426883,52.223498657
399,1987-05-31,52.474048457,52.057458119
400,1987-04-30,52.038368931,51.757921218
401,1987-03-31,51.768834868,51.548930845
402,1987-02-28,51.589019997,51.432454391
403,1987-01-31,51.317893332,51.18608853
404,1986-12-31,50.985252213,50.822246295
405,1986-11-30,50.637242508,50.327682089
406,1986-10-31,50.170065888,49.723953954
407,1986-09-30,50.093176011,49.58186128
408,1986-08-31,50.546784576,49.935504078
409,1986-07-31,50.679308118,50.013957206
410,1986-06-30,50.10427043,49.521161991
411,1986-05-31,49.055384132,48.665934629
412,1986-04-30,48.188097974,47.928400394
413,1986-03-31,48.315776602,48.110540561
414,1986-02-28,48.988162435,48.839490028
415,1986-01-31,49.291865369,49.165264237
416,1985-12-31,49.284678042,49.127109093
417,1985-11-30,49.194118827,48.893380596
418,1985-10-31,48.964130224,48.528741411
419,1985-09-30,48.248371506,47.755887159
420,1985-08-31,46.80849828,46.242426289
421,1985-07-31,45.455774888,44.859001812
422,1985-06-30,45.696978005,45.165161265
423,1985-05-31,47.046228513,46.672729491
424,1985-04-30,47.952816959,47.694387435
425,1985-03-31,48.212661287,48.007863166
426,1985-02-28,48.135670255,47.989585087
427,1985-01-31,48.029806691,47.906447002
428,1984-12-31,48.032964681,47.879397601
429,1984-11-30,48.057164109,47.763376411
430,1984-10-31,48.013361291,47.58642672
431,1984-09-30,47.931258121,47.442010601
432,1984-08-31,47.858373952,47.279605339
433,1984-07-31,47.751827044,47.1249099
434,1984-06-30,47.50287926,46.9500456
435,1984-05-31,47.127081162,46.752940351
436,1984-04-30,46.760406174,46.508402815
437,1984-03-31,46.488374823,46.290901175
438,1984-02-29,46.311348966,46.170800372
439,1984-01-31,46.205863122,46.087188131
440,1983-12-31,46.199579576,46.051874052
441,1983-11-30,46.344404364,46.061087277
442,1983-10-31,46.620817195,46.206265157
443,1983-09-30,46.935861926,46.456774666
444,1983-08-31,47.202398106,46.63156243
445,1983-07-31,47.373871295,46.75191622
446,1983-06-30,47.445294322,46.893130809
447,1983-05-31,47.436066581,47.059472657
448,1983-04-30,47.378764325,47.123428542
449,1983-03-31,47.234103577,47.033462184
450,1983-02-28,46.931347579,46.788917311
451,1983-01-31,46.520827847,46.401343872
452,1982-12-31,46.180202857,46.032559235
453,1982-11-30,46.015204097,45.733899564
454,1982-10-31,45.92644693,45.518069198
455,1982-09-30,45.844518288,45.376570633
456,1982-08-31,45.780835866,45.227191662
457,1982-07-31,45.729429699,45.129064024
458,1982-06-30,45.707190672,45.175255053
459,1982-05-31,45.785352584,45.421863697
460,1982-04-30,45.976366128,45.728588082
461,1982-03-31,46.174578151,45.978437393
462,1982-02-28,46.248550478,46.108192381
463,1982-01-31,46.147682819,46.029157127
464,1981-12-31,45.923535854,45.776712825
465,1981-11-30,45.653293097,45.374200929
466,1981-10-31,45.377108134,44.973615134
467,1981-09-30,45.07242061,44.612354
468,1981-08-31,44.681279662,44.140932811
469,1981-07-31,44.215296272,43.634809138
470,1981-06-30,43.775049434,43.265599933
471,1981-05-31,43.452767401,43.107796855
472,1981-04-30,43.265704634,43.032535048
473,1981-03-31,43.220609662,43.037016832
474,1981-02-28,43.303128094,43.171709044
475,1981-01-31,43.418673442,43.30715708
476,1980-12-31,43.469208125,43.330231972
477,1980-11-30,43.452959161,43.187318312
478,1980-10-31,43.385853347,43.000066475
479,1980-09-30,43.212786909,42.771702104
480,1980-08-31,42.950407331,42.430992557
481,1980-07-31,42.659784818,42.099719392
482,1980-06-30,42.37599033,41.882822792
483,1980-05-31,42.068308247,41.734328925
484,1980-04-30,41.674832695,41.450236656
485,1980-03-31,41.240963457,41.065779766
486,1980-02-29,40.905572704,40.781429876
487,1980-01-31,40.744941679,40.640292506
488,1979-12-31,40.700597164,40.570472572
489,1979-11-30,40.707754154,40.458895578
490,1979-10-31,40.645355083,40.283936778
491,1979-09-30,40.406761501,39.994318563
492,1979-08-31,40.030431825,39.546329335
493,1979-07-31,39.590010513,39.070247137
494,1979-06-30,39.12548313,38.670144799
495,1979-05-31,38.647413644,38.340592723
496,1979-04-30,38.142248576,37.936690566
497,1979-03-31,37.618834016,37.45903649
498,1979-02-28,37.122980285,37.010317045
499,1979-01-31,36.759764395,36.665350625
500,1978-12-31,36.60298278,36.485958717
501,1978-11-30,36.499850246,36.276715837
502,1978-10-31,36.270660081,35.948141522
503,1978-09-30,35.884853914,35.518567346
504,1978-08-31,35.406466097,34.978282927
505,1978-07-31,34.875523838,34.417655298
506,1978-06-30,34.267694748,33.868890789
507,1978-05-31,33.556337977,33.289934953
508,1978-04-30,32.786295951,32.609602479
509,1978-03-31,32.086908031,31.950609066
510,1978-02-28,31.600054261,31.504152377
511,1978-01-31,31.340254369,31.259760078
512,1977-12-31,31.122837574,31.023334194
513,1977-11-30,30.844876605,30.656312743
514,1977-10-31,30.586272544,30.314299573
515,1977-09-30,30.348845875,30.039066859
516,1977-08-31,29.991936595,29.62923324
517,1977-07-31,29.508033877,29.120633188
518,1977-06-30,29.017256748,28.679556851
519,1977-05-31,28.574304384,28.347453634
520,1977-04-30,28.169802899,28.017988872
521,1977-03-31,27.838731777,27.720478258
522,1977-02-28,27.635122115,27.55125326
523,1977-01-31,27.479379527,27.408801548
524,1976-12-31,27.302797019,27.215506752
525,1976-11-30,27.128584997,26.962739892
526,1976-10-31,26.969674816,26.729860617
527,1976-09-30,26.818433333,26.544690212
528,1976-08-31,26.64511837,26.322889315
529,1976-07-31,26.399893548,26.053298532
530,1976-06-30,26.177445847,25.87279541
531,1976-05-31,26.051609734,25.844786577
532,1976-04-30,25.952635402,25.812770205
533,1976-03-31,25.868366661,25.758482835
534,1976-02-29,25.829349113,25.750960533
535,1976-01-31,25.854201733,25.787797864
536,1975-12-31,25.936955147,25.854031636
537,1975-11-30,26.045530369,25.88630632
538,1975-10-31,26.132250138,25.899882299
539,1975-09-30,26.107803293,25.84131377
540,1975-08-31,25.924844175,25.611325657
541,1975-07-31,25.645553585,25.308862045
542,1975-06-30,25.370843586,25.075580281
543,1975-05-31,25.145739188,24.946107717
544,1975-04-30,24.95898004,24.824469957
545,1975-03-31,24.788984496,24.683685684
546,1975-02-28,24.581526612,24.506925019
547,1975-01-31,24.326450397,24.263970395
