,date,nsa,sa
0,2020-08-31,246.382234,244.408746
1,2020-07-31,243.33197282,241.40042835
2,2020-06-30,239.46380383,237.73594266
3,2020-05-31,237.00353942,235.49442255
4,2020-04-30,235.79555136,234.59076812
5,2020-03-31,233.95546044,233.50542054
6,2020-02-29,231.02555202,231.23772717
7,2020-01-31,228.12821497,228.66806638
8,2019-12-31,225.86700912,226.10891491
9,2019-11-30,224.26038865,223.96775544
10,2019-10-31,223.04911716,222.29214068
11,2019-09-30,221.95638646,220.81048243
12,2019-08-31,220.77729175,219.03880037
13,2019-07-31,219.13676303,217.39265625
14,2019-06-30,217.31658611,215.7446659
15,2019-05-31,215.82482506,214.41679009
16,2019-04-30,214.28926259,213.17759889
17,2019-03-31,212.33983335,211.94433008
18,2019-02-28,210.72213036,210.93016538
19,2019-01-31,209.72230169,210.23002565
20,2018-12-31,209.23203927,209.45970149
21,2018-11-30,209.15479859,208.87436445
22,2018-10-31,208.81334329,208.09063007
23,2018-09-30,207.99529431,206.93049084
24,2018-08-31,206.95835075,205.40102156
25,2018-07-31,206.0716274,204.41025607
26,2018-06-30,205.01604424,203.49618243
27,2018-05-31,203.43126428,202.04004537
28,2018-04-30,201.78430317,200.72669003
29,2018-03-31,200.04784931,199.70318338
30,2018-02-28,197.84950984,198.09714722
31,2018-01-31,196.12858515,196.62696738
32,2017-12-31,195.12049857,195.31877605
33,2017-11-30,193.89316056,193.60905593
34,2017-10-31,192.64430085,191.97667086
35,2017-09-30,191.95849838,191.00866841
36,2017-08-31,191.4640761,190.08987142
37,2017-07-31,190.45089804,188.85644222
38,2017-06-30,189.19791088,187.70591597
39,2017-05-31,188.1943252,186.83574758
40,2017-04-30,186.81183347,185.84064773
41,2017-03-31,184.78359377,184.50333577
42,2017-02-28,183.11617575,183.41844888
43,2017-01-31,182.1110086,182.65500626
44,2016-12-31,181.34857892,181.56783505
45,2016-11-30,180.79955622,180.52868652
46,2016-10-31,179.97745123,179.34474355
47,2016-09-30,178.74490338,177.85270109
48,2016-08-31,177.63075354,176.33947459
49,2016-07-31,176.62806996,175.02828854
50,2016-06-30,175.75694788,174.25531583
51,2016-05-31,175.182732,173.85452286
52,2016-04-30,174.31769635,173.43923052
53,2016-03-31,172.50123863,172.33652294
54,2016-02-29,170.28617155,170.67954151
55,2016-01-31,168.75277835,169.3718692
56,2015-12-31,168.14178317,168.44800211
57,2015-11-30,167.84255233,167.59932812
58,2015-10-31,167.51907707,166.89881844
59,2015-09-30,166.83301447,165.96261336
60,2015-08-31,165.78861159,164.47462232
61,2015-07-31,164.76373831,163.09505243
62,2015-06-30,163.57664697,162.03279145
63,2015-05-31,162.16678584,160.87503541
64,2015-04-30,160.50939166,159.76020433
65,2015-03-31,158.95284149,158.94672325
66,2015-02-28,157.6525776,158.13380654
67,2015-01-31,156.60796678,157.34187066
68,2014-12-31,155.89203202,156.3330114
69,2014-11-30,154.94413069,154.75088216
70,2014-10-31,153.72400961,153.10348578
71,2014-09-30,152.93207539,152.01157197
72,2014-08-31,152.91430815,151.53079061
73,2014-07-31,153.09594311,151.3678788
74,2014-06-30,152.91561974,151.35904098
75,2014-05-31,152.44126583,151.21554011
76,2014-04-30,151.76554337,151.14192606
77,2014-03-31,150.83952442,150.97317881
78,2014-02-28,149.87364692,150.42854908
79,2014-01-31,149.03909911,149.85653743
80,2013-12-31,148.66875153,149.23452481
81,2013-11-30,148.77109595,148.64151052
82,2013-10-31,148.46307284,147.83484533
83,2013-09-30,147.53020638,146.5308047
84,2013-08-31,146.5406961,145.05445713
85,2013-07-31,145.20811267,143.39629817
86,2013-06-30,143.00939134,141.41946081
87,2013-05-31,140.40182709,139.27354589
88,2013-04-30,137.72334486,137.27139528
89,2013-03-31,134.78323469,135.02617055
90,2013-02-28,131.77743275,132.34490282
91,2013-01-31,129.43372837,130.21860129
92,2012-12-31,127.97226313,128.53927567
93,2012-11-30,126.86720659,126.78398618
94,2012-10-31,125.45183496,124.8922401
95,2012-09-30,123.72780802,122.80061296
96,2012-08-31,122.12747463,120.78071919
97,2012-07-31,120.26913389,118.66087393
98,2012-06-30,117.47842155,116.09958073
99,2012-05-31,113.85915991,112.98149526
100,2012-04-30,110.14218173,109.87883253
101,2012-03-31,106.6662346,106.93630984
102,2012-02-29,103.66405523,104.13716439
103,2012-01-31,101.83775849,102.4527265
104,2011-12-31,101.15453067,101.62930944
105,2011-11-30,100.48809002,100.45225406
106,2011-10-31,99.698650834,99.238888513
107,2011-09-30,99.158166152,98.37443433
108,2011-08-31,98.5146963,97.401029042
109,2011-07-31,97.866731157,96.510725867
110,2011-06-30,97.42162396,96.216810099
111,2011-05-31,97.383165964,96.635163044
112,2011-04-30,97.841264341,97.681127812
113,2011-03-31,98.422690223,98.72935943
114,2011-02-28,98.794366395,99.254271353
115,2011-01-31,99.075278309,99.650991416
116,2010-12-31,99.600892598,100.05731761
117,2010-11-30,100.64822827,100.62836459
118,2010-10-31,102.28927448,101.80611116
119,2010-09-30,104.155124,103.30522409
120,2010-08-31,106.28390629,105.10336906
121,2010-07-31,108.53049105,107.03501012
122,2010-06-30,110.00565297,108.61872278
123,2010-05-31,110.34533738,109.50116919
124,2010-04-30,110.23786425,110.08548273
125,2010-03-31,110.52304613,110.85805194
126,2010-02-28,111.09001201,111.5780953
127,2010-01-31,111.80070215,112.41464112
128,2009-12-31,112.60142017,113.10825833
129,2009-11-30,113.21346646,113.24095244
130,2009-10-31,113.39502093,112.88381647
131,2009-09-30,113.38685082,112.48031015
132,2009-08-31,113.77095423,112.55723375
133,2009-07-31,114.46475131,112.90395696
134,2009-06-30,114.87203859,113.37566275
135,2009-05-31,115.15544402,114.21916925
136,2009-04-30,116.04517959,115.86040633
137,2009-03-31,118.0958616,118.42810688
138,2009-02-28,121.22083238,121.75623639
139,2009-01-31,124.75997746,125.46189577
140,2008-12-31,128.79817287,129.39975782
141,2008-11-30,133.7076923,133.77802352
142,2008-10-31,139.42882744,138.80700613
143,2008-09-30,144.8744592,143.72118575
144,2008-08-31,149.59202572,148.01443709
145,2008-07-31,154.71133533,152.61085221
146,2008-06-30,159.89262254,157.7788836
147,2008-05-31,163.91710426,162.52300867
148,2008-04-30,167.20857553,166.87190995
149,2008-03-31,170.76429024,171.21745489
150,2008-02-29,174.50279478,175.31312555
151,2008-01-31,178.20991349,179.31224257
152,2007-12-31,182.07714544,183.01542542
153,2007-11-30,186.07677696,186.20332131
154,2007-10-31,190.10646413,189.21946728
155,2007-09-30,193.8323877,192.24400139
156,2007-08-31,197.23589188,195.12251407
157,2007-07-31,200.26835293,197.55061841
158,2007-06-30,202.52339828,199.83698987
159,2007-05-31,203.69078772,201.90202914
160,2007-04-30,204.02354161,203.54085455
161,2007-03-31,204.06566379,204.64592594
162,2007-02-28,203.68542948,204.7307341
163,2007-01-31,203.05895763,204.42947694
164,2006-12-31,203.12610534,204.20514363
165,2006-11-30,204.08583966,204.14455242
166,2006-10-31,205.2064685,204.15080535
167,2006-09-30,206.15522477,204.38226388
168,2006-08-31,207.57903811,205.2936397
169,2006-07-31,208.93267535,206.16403514
170,2006-06-30,209.65849589,207.00763528
171,2006-05-31,209.8918353,208.12970676
172,2006-04-30,209.07968545,208.53460647
173,2006-03-31,207.6522769,208.23554551
174,2006-02-28,206.0034641,207.10186187
175,2006-01-31,203.97950825,205.38374904
176,2005-12-31,202.11100313,203.11463147
177,2005-11-30,200.82730841,200.73534512
178,2005-10-31,199.31079441,198.18069175
179,2005-09-30,196.59511017,194.88668957
180,2005-08-31,192.55833119,190.47066501
181,2005-07-31,187.38204708,185.02862508
182,2005-06-30,181.08526906,178.96638529
183,2005-05-31,173.73916247,172.40977428
184,2005-04-30,166.25700255,165.80981383
185,2005-03-31,159.33192712,159.74277288
186,2005-02-28,153.19290686,153.98185861
187,2005-01-31,148.3484892,149.27890152
188,2004-12-31,145.04640978,145.62250116
189,2004-11-30,142.43226703,142.22478908
190,2004-10-31,139.60782129,138.75328751
191,2004-09-30,136.83187803,135.67672892
192,2004-08-31,134.3690447,133.00103311
193,2004-07-31,132.16368939,130.64175165
194,2004-06-30,129.86654165,128.50690754
195,2004-05-31,127.37864275,126.5289156
196,2004-04-30,125.180159,124.84305647
197,2004-03-31,123.47902811,123.73473472
198,2004-02-29,122.31912658,122.86901142
199,2004-01-31,121.40279734,122.02553786
200,2003-12-31,120.5319136,120.84640563
201,2003-11-30,119.94653621,119.65999291
202,2003-10-31,119.28108598,118.53565018
203,2003-09-30,118.34016205,117.41778137
204,2003-08-31,117.50739365,116.45189787
205,2003-07-31,116.75953755,115.57294096
206,2003-06-30,115.97762696,114.90178759
207,2003-05-31,115.27729119,114.59768897
208,2003-04-30,114.52404919,114.19906801
209,2003-03-31,113.53946801,113.67149439
210,2003-02-28,112.5575004,112.93347749
211,2003-01-31,111.89784643,112.29736266
212,2002-12-31,111.6107778,111.75476136
213,2002-11-30,111.45899148,111.14658943
214,2002-10-31,111.10473055,110.45532412
215,2002-09-30,110.45945079,109.70255173
216,2002-08-31,109.82148216,108.97402853
217,2002-07-31,109.2411984,108.2742565
218,2002-06-30,108.64336421,107.75009246
219,2002-05-31,108.14778308,107.55424192
220,2002-04-30,107.52154524,107.17197286
221,2002-03-31,106.73857177,106.72853667
222,2002-02-28,105.97680718,106.19069743
223,2002-01-31,105.39887427,105.6303025
224,2001-12-31,105.08996887,105.12788731
225,2001-11-30,104.92133716,104.63612866
226,2001-10-31,104.76146891,104.23215067
227,2001-09-30,104.42655083,103.82206357
228,2001-08-31,104.12241842,103.42361994
229,2001-07-31,103.92802047,103.11115643
230,2001-06-30,103.43503816,102.66688829
231,2001-05-31,102.78373913,102.22944571
232,2001-04-30,102.17399177,101.78867665
233,2001-03-31,101.39838956,101.26130026
234,2001-02-28,100.69055201,100.76297393
235,2001-01-31,100.27646555,100.38917898
236,2000-12-31,100.0,100.0
237,2000-11-30,99.723640362,99.509754887
238,2000-10-31,99.374385472,98.954698035
239,2000-09-30,99.029801317,98.518793916
240,2000-08-31,98.819865348,98.201948101
241,2000-07-31,98.653760362,97.932490706
242,2000-06-30,98.341992902,97.663431276
243,2000-05-31,97.693107115,97.164199721
244,2000-04-30,96.864883138,96.463561617
245,2000-03-31,96.179351104,95.970331904
246,2000-02-29,95.455778185,95.446927778
247,2000-01-31,94.745242609,94.800329065
248,1999-12-31,94.097128461,94.092826582
249,1999-11-30,93.563719416,93.407351297
250,1999-10-31,93.22159778,92.872330669
251,1999-09-30,92.847511333,92.38297604
252,1999-08-31,92.462916788,91.883560972
253,1999-07-31,92.004658206,91.356273994
254,1999-06-30,91.38309512,90.793142179
255,1999-05-31,90.767487036,90.290827616
256,1999-04-30,90.249603385,89.871516387
257,1999-03-31,89.67255061,89.445840922
258,1999-02-28,89.040247424,88.983908539
259,1999-01-31,88.533490488,88.554425126
260,1998-12-31,88.061196365,88.064333003
261,1998-11-30,87.598800902,87.475382547
262,1998-10-31,87.223515592,86.898792317
263,1998-09-30,86.930261943,86.470713423
264,1998-08-31,86.632272159,86.071126006
265,1998-07-31,86.113557686,85.52554487
266,1998-06-30,85.443543912,84.932190397
267,1998-05-31,84.902041755,84.481761756
268,1998-04-30,84.448067305,84.107134064
269,1998-03-31,83.933035876,83.724015782
270,1998-02-28,83.384499933,83.32378167
271,1998-01-31,82.811535648,82.819155755
272,1997-12-31,82.304244472,82.297824286
273,1997-11-30,81.912807695,81.782477123
274,1997-10-31,81.662324524,81.32559314
275,1997-09-30,81.430567622,80.964191641
276,1997-08-31,81.076724014,80.540375075
277,1997-07-31,80.716565146,80.187333086
278,1997-06-30,80.411518779,79.958965245
279,1997-05-31,80.080450904,79.716511224
280,1997-04-30,79.672843724,79.383686979
281,1997-03-31,79.1299135,78.959285752
282,1997-02-28,78.596950543,78.552702563
283,1997-01-31,78.203003698,78.201730823
284,1996-12-31,77.94947634,77.911370241
285,1996-11-30,77.932628135,77.765115768
286,1996-10-31,78.025407589,77.660131972
287,1996-09-30,77.943608118,77.468198976
288,1996-08-31,77.712349222,77.199527158
289,1996-07-31,77.318845381,76.826976469
290,1996-06-30,76.777104618,76.358219543
291,1996-05-31,76.380592105,76.06518745
292,1996-04-30,76.09854636,75.867252964
293,1996-03-31,75.778234924,75.66378455
294,1996-02-29,75.34916197,75.338994386
295,1996-01-31,74.86698529,74.851508756
296,1995-12-31,74.443894901,74.35387434
297,1995-11-30,74.184006735,73.967105626
298,1995-10-31,74.015725276,73.628518783
299,1995-09-30,73.733620907,73.26384678
300,1995-08-31,73.335152141,72.855873159
301,1995-07-31,72.937915468,72.490182069
302,1995-06-30,72.563874163,72.177597171
303,1995-05-31,72.172815105,71.903333182
304,1995-04-30,71.770674529,71.598926121
305,1995-03-31,71.350810812,71.289490934
306,1995-02-28,70.992729639,71.011800536
307,1995-01-31,70.777564297,70.74501769
308,1994-12-31,70.64522913,70.49398403
309,1994-11-30,70.476520507,70.218258578
310,1994-10-31,70.214408173,69.818694423
311,1994-09-30,69.821936463,69.37399575
312,1994-08-31,69.362051706,68.919675123
313,1994-07-31,69.016406467,68.611756259
314,1994-06-30,68.800853822,68.440821706
315,1994-05-31,68.391052294,68.156506021
316,1994-04-30,67.688317471,67.561832787
317,1994-03-31,67.002413028,66.97525388
318,1994-02-28,66.548045585,66.577017184
319,1994-01-31,66.345998505,66.29538331
320,1993-12-31,66.243232016,66.049058902
321,1993-11-30,66.065948213,65.795559782
322,1993-10-31,65.752496945,65.371429847
323,1993-09-30,65.458613118,65.040958317
324,1993-08-31,65.294229114,64.883231856
325,1993-07-31,65.108803493,64.744156158
326,1993-06-30,64.708490839,64.379496725
327,1993-05-31,64.222143836,64.018139787
328,1993-04-30,63.885807025,63.787177449
329,1993-03-31,63.720158395,63.701500094
330,1993-02-28,63.743817086,63.763125834
331,1993-01-31,63.905243871,63.845805817
332,1992-12-31,63.981082276,63.755452207
333,1992-11-30,63.953891007,63.681518527
334,1992-10-31,64.006074802,63.637546276
335,1992-09-30,64.080814501,63.682411213
336,1992-08-31,63.986598682,63.587582348
337,1992-07-31,63.755005569,63.407511301
338,1992-06-30,63.619116387,63.304246884
339,1992-05-31,63.58902286,63.398938416
340,1992-04-30,63.500712267,63.414304543
341,1992-03-31,63.311527877,63.286510932
342,1992-02-29,63.163967988,63.158559567
343,1992-01-31,63.207060106,63.140595545
344,1991-12-31,63.42726791,63.191788224
345,1991-11-30,63.49674453,63.234010341
346,1991-10-31,63.130323584,62.776355148
347,1991-09-30,62.616756554,62.229690955
348,1991-08-31,62.385222379,61.991356578
349,1991-07-31,62.458980041,62.123314566
350,1991-06-30,62.50241875,62.207154139
351,1991-05-31,62.369098258,62.192302665
352,1991-04-30,62.231387948,62.147564625
353,1991-03-31,62.182227137,62.142730321
354,1991-02-28,62.098600634,62.069076855
355,1991-01-31,61.959149193,61.896851079
356,1990-12-31,61.900532209,61.667007572
357,1990-11-30,62.052747475,61.804828131
358,1990-10-31,62.429436442,62.086082341
359,1990-09-30,62.867716126,62.479914538
360,1990-08-31,63.221479339,62.819265371
361,1990-07-31,63.403919439,63.069246122
362,1990-06-30,63.42408208,63.135105324
363,1990-05-31,63.41442352,63.237671769
364,1990-04-30,63.499359302,63.410173838
365,1990-03-31,63.715709897,63.664846668
366,1990-02-28,63.937307959,63.892973771
367,1990-01-31,64.030503941,63.970344389
368,1989-12-31,64.106769551,63.900541206
369,1989-11-30,64.33392645,64.0746702
370,1989-10-31,64.689456104,64.323367769
371,1989-09-30,64.945297474,64.537919264
372,1989-08-31,64.906346876,64.496350309
373,1989-07-31,64.780966398,64.423804752
374,1989-06-30,64.775380981,64.457373259
375,1989-05-31,64.81663239,64.619365068
376,1989-04-30,64.868957338,64.771332371
377,1989-03-31,64.970979044,64.938144725
378,1989-02-28,65.118397894,65.11166899
379,1989-01-31,65.27529842,65.214075821
380,1988-12-31,65.443040065,65.232513039
381,1988-11-30,65.632810891,65.368320334
382,1988-10-31,65.793144155,65.420809761
383,1988-09-30,65.896994891,65.483647242
384,1988-08-31,65.945653828,65.529092128
385,1988-07-31,65.988339046,65.624520697
386,1988-06-30,66.108133933,65.783583094
387,1988-05-31,66.257965204,66.056311077
388,1988-04-30,66.30861559,66.208824109
389,1988-03-31,66.225840632,66.192371961
390,1988-02-29,66.121764361,66.114931697
391,1988-01-31,66.040414014,65.978473722
392,1987-12-31,65.974584608,65.762347637
393,1987-11-30,65.970828804,65.704976127
394,1987-10-31,66.083015366,65.709040425
395,1987-09-30,66.242595478,65.82707985
396,1987-08-31,66.416656597,65.997119782
397,1987-07-31,66.534355828,66.167527244
398,1987-06-30,66.415995775,66.089933472
399,1987-05-31,66.229938153,66.028369165
400,1987-04-30,66.26239763,66.162675631
401,1987-03-31,66.350646593,66.317114897
402,1987-02-28,66.199988831,66.193148194
403,1987-01-31,65.800574305,65.738858995
404,1986-12-31,65.166867206,64.957228644
405,1986-11-30,64.422775013,64.163160827
406,1986-10-31,64.285177021,63.921376487
407,1986-09-30,65.002103421,64.594368988
408,1986-08-31,65.878655675,65.462517288
409,1986-07-31,66.36879207,66.002876126
410,1986-06-30,66.4371984,66.111032162
411,1986-05-31,66.173685506,65.972287837
412,1986-04-30,65.548286331,65.449639186
413,1986-03-31,64.803645472,64.770895691
414,1986-02-28,64.298592062,64.291947916
415,1986-01-31,64.079171718,64.019070945
416,1985-12-31,63.964125937,63.758356441
417,1985-11-30,63.865484055,63.608115513
418,1985-10-31,63.735178559,63.374490584
419,1985-09-30,63.490343192,63.092091345
420,1985-08-31,63.180589374,62.781493996
421,1985-07-31,62.87640767,62.529746554
422,1985-06-30,62.60513008,62.297776934
423,1985-05-31,62.364446644,62.174642346
424,1985-04-30,62.173039409,62.079471651
425,1985-03-31,62.075162691,62.043791779
426,1985-02-28,62.142984753,62.136563306
427,1985-01-31,62.313936617,62.255491424
428,1984-12-31,62.381138999,62.180461932
429,1984-11-30,62.313921488,62.062805622
430,1984-10-31,62.24957463,61.897293914
431,1984-09-30,62.278132909,61.887484997
432,1984-08-31,62.246303926,61.853110163
433,1984-07-31,62.010993555,61.669103788
434,1984-06-30,61.702500194,61.399578582
435,1984-05-31,61.376637547,61.189839568
436,1984-04-30,60.906141029,60.814480037
437,1984-03-31,60.287452509,60.256984971
438,1984-02-29,59.629406719,59.623245024
439,1984-01-31,59.028546045,58.973182374
440,1983-12-31,58.560803416,58.372416077
441,1983-11-30,58.285203864,58.050322979
442,1983-10-31,58.219148722,57.889676887
443,1983-09-30,58.322290515,57.956456112
444,1983-08-31,58.595019748,58.22489016
445,1983-07-31,59.021381946,58.695975083
446,1983-06-30,59.521863788,59.22964756
447,1983-05-31,59.954917951,59.772446954
448,1983-04-30,60.132545103,60.042048369
449,1983-03-31,59.981197411,59.950884763
450,1983-02-28,59.528600913,59.522449674
451,1983-01-31,58.849587462,58.794391542
452,1982-12-31,58.038859286,57.852151142
453,1982-11-30,57.217317807,56.986740446
454,1982-10-31,56.503729571,56.183965485
455,1982-09-30,55.977751947,55.626623991
456,1982-08-31,55.691573271,55.339784009
457,1982-07-31,55.621757293,55.315093861
458,1982-06-30,55.733458948,55.459841562
459,1982-05-31,55.828681272,55.658768285
460,1982-04-30,55.686921752,55.603115398
461,1982-03-31,55.385175564,55.357185539
462,1982-02-28,55.118988721,55.113293068
463,1982-01-31,54.970597222,54.919039526
464,1981-12-31,54.891789598,54.715205469
465,1981-11-30,54.862073682,54.640987532
466,1981-10-31,54.872016392,54.561486452
467,1981-09-30,54.802061987,54.458308651
468,1981-08-31,54.605473359,54.260544688
469,1981-07-31,54.425206169,54.125139759
470,1981-06-30,54.339318362,54.072545392
471,1981-05-31,54.203842793,54.038875104
472,1981-04-30,53.949224929,53.868033722
473,1981-03-31,53.712472339,53.68532764
474,1981-02-28,53.56395435,53.558419394
475,1981-01-31,53.516354478,53.466160779
476,1980-12-31,53.595880985,53.423465637
477,1980-11-30,53.719653138,53.503170868
478,1980-10-31,53.735528302,53.431429899
479,1980-09-30,53.390596074,53.055696326
480,1980-08-31,52.60540477,52.273110135
481,1980-07-31,51.670582142,51.385702977
482,1980-06-30,50.838605715,50.589019016
483,1980-05-31,50.130938166,49.978366215
484,1980-04-30,49.603708856,49.529057428
485,1980-03-31,49.270527734,49.245627902
486,1980-02-29,48.989589922,48.984527654
487,1980-01-31,48.761477905,48.715743775
488,1979-12-31,48.550048739,48.393865573
489,1979-11-30,48.161927212,47.967841704
490,1979-10-31,47.542399764,47.273349407
491,1979-09-30,46.799799448,46.506241364
492,1979-08-31,46.112001304,45.82072379
493,1979-07-31,45.581655426,45.330346806
494,1979-06-30,45.007813255,44.786852273
495,1979-05-31,44.155141106,44.020756305
496,1979-04-30,43.121520239,43.056624272
497,1979-03-31,42.224918006,42.2035788
498,1979-02-28,41.622482007,41.618181007
499,1979-01-31,41.157249991,41.11864804
500,1978-12-31,40.629950741,40.499246169
501,1978-11-30,39.935194963,39.774261996
502,1978-10-31,39.064691195,38.843617554
503,1978-09-30,38.201247305,37.961624836
504,1978-08-31,37.475934065,37.239208274
505,1978-07-31,36.757384485,36.554727344
506,1978-06-30,36.008727204,35.831946281
507,1978-05-31,35.323366944,35.215861341
508,1978-04-30,34.739715038,34.687433307
509,1978-03-31,34.303754325,34.286418258
510,1978-02-28,33.958048813,33.954539788
511,1978-01-31,33.595984059,33.56447387
512,1977-12-31,33.222055917,33.115182186
513,1977-11-30,32.865912388,32.733467576
514,1977-10-31,32.541115408,32.356959809
515,1977-09-30,32.222220676,32.020102465
516,1977-08-31,31.800528993,31.599653288
517,1977-07-31,31.333099219,31.160348167
518,1977-06-30,30.948832493,30.796892566
519,1977-05-31,30.692029211,30.598618948
520,1977-04-30,30.494874651,30.448981183
521,1977-03-31,30.232842052,30.217563307
522,1977-02-28,29.989087883,29.985988996
523,1977-01-31,29.842849293,29.814859241
524,1976-12-31,29.717534608,29.621934729
525,1976-11-30,29.539694198,29.420653549
526,1976-10-31,29.318881716,29.152961249
527,1976-09-30,29.156061179,28.973175849
528,1976-08-31,29.056086081,28.872546303
529,1976-07-31,28.974496951,28.814749747
530,1976-06-30,28.946267674,28.804159128
531,1976-05-31,28.96348922,28.875339693
532,1976-04-30,28.973863292,28.930258897
533,1976-03-31,28.922337532,28.90772107
534,1976-02-29,28.760192014,28.757220123
535,1976-01-31,28.456925079,28.430234899
536,1975-12-31,28.02821785,27.938052443
537,1975-11-30,27.58894629,27.477766883
538,1975-10-31,27.406103936,27.251008244
539,1975-09-30,27.638088129,27.464724479
540,1975-08-31,28.121367439,27.943732041
541,1975-07-31,28.617084874,28.459308233
542,1975-06-30,28.97079076,28.828561783
543,1975-05-31,29.092162561,29.003621416
544,1975-04-30,28.985070342,28.941449114
545,1975-03-31,28.702210451,28.687705231
546,1975-02-28,28.309936595,28.307011235
547,1975-01-31,27.882172249,27.856021149
